RefPos: (90039.49, -5, 19708.977)
RefVel: (0, 0, 0)
RefRot: (-0, 188.4087, 0)
RelPos: (-39.933414, 5.1236515, -151.48257)
RelVel: (-1.3279336E-05, -5.7951547E-06, 2.8157374E-06)
Rot: (358.55093, 183.58441, 2.3269438E-05)